%YAML:1.0
---
mtx: !!opencv-matrix
   rows: 3
   cols: 3
   dt: d
   data: [ 7.2447909494590715e+02, 0., 3.0679571963163750e+02, 0.,
       7.2520618503639650e+02, 2.2835951923281016e+02, 0., 0., 1. ]
dist: !!opencv-matrix
   rows: 1
   cols: 5
   dt: d
   data: [ -4.9612159218793017e-01, 6.8720998263297461e-01,
       -1.9139516503999981e-03, 3.4573330644330370e-03,
       -1.0707308297252847e+00 ]
